batch_size = 64
dropout = 0.0
hidden_size = 128
lang = ('en', 'ko')
lr = 0.0003
max_length = 20
n_epochs = 50
n_layers = 4
n_splits = 8
research_num = '01'
research_subject = 'local_medium1'
test_fn = 'corpus.shuf.test.tok.bpe'
train_fn = 'corpus.shuf.train.tok.bpe'
valid_fn = 'corpus.shuf.valid.tok.bpe'

input_size:  69459
output_size:  154233

 Epoch  |  Train Loss  | Train Acc  | Val Loss | Val Acc | Elapsed
--------------------------------------------------------------------------------
   1    |   6.657451   | 39.054159  | 4.462898 | 34.38  | 53.11 
   2    |   3.889955   | 61.082702  | 3.308266 | 40.39  | 53.34 
   3    |   3.057791   | 68.476278  | 2.771558 | 43.05  | 53.33 
   4    |   2.636499   | 72.185069  | 2.464527 | 44.22  | 52.74 
   5    |   2.400443   | 74.336833  | 2.337725 | 45.08  | 52.88 
   6    |   2.283756   | 75.533704  | 2.341477 | 45.47  | 53.42 
   7    |   2.241941   | 76.201400  | 2.309805 | 45.47  | 54.02 
   8    |   2.229728   | 76.609265  | 2.298989 | 45.47  | 53.71 
   9    |   2.233934   | 76.819539  | 2.306580 | 45.47  | 52.62 
  10    |   2.246141   | 76.878759  | 2.319358 | 45.55  | 53.42 
  11    |   2.263491   | 76.851923  | 2.335628 | 45.55  | 53.69 
  12    |   2.282192   | 76.785795  | 2.355156 | 45.55  | 54.42 
  13    |   2.302610   | 76.696454  | 2.375609 | 45.47  | 53.94 
  14    |   2.322296   | 76.594998  | 2.396393 | 45.47  | 54.54 
  15    |   2.342201   | 76.491503  | 2.417739 | 45.39  | 56.78 
  16    |   2.360337   | 76.386083  | 2.439383 | 45.39  | 54.17 
  17    |   2.378396   | 76.282249  | 2.458404 | 45.39  | 53.22 
  18    |   2.394214   | 76.171847  | 2.475361 | 45.39  | 54.30 
  19    |   2.410000   | 76.060765  | 2.492065 | 45.39  | 53.87 
  20    |   2.423495   | 75.943305  | 2.508183 | 45.39  | 51.67 
  21    |   2.437610   | 75.837546  | 2.524380 | 45.39  | 53.01 
  22    |   2.449178   | 75.713065  | 2.540539 | 45.39  | 52.18 
  23    |   2.461970   | 75.609193  | 2.554667 | 45.39  | 52.02 
  24    |   2.471601   | 75.489770  | 2.570259 | 45.47  | 51.62 
  25    |   2.482739   | 75.393635  | 2.580665 | 45.47  | 52.24 
  26    |   2.490840   | 75.272551  | 2.593304 | 45.47  | 52.41 
  27    |   2.500661   | 75.185475  | 2.605616 | 45.47  | 52.80 
  28    |   2.507669   | 75.075677  | 2.618190 | 45.47  | 52.71 
  29    |   2.515937   | 74.998830  | 2.626267 | 45.39  | 53.92 
  30    |   2.519057   | 74.919529  | 2.640231 | 45.39  | 53.39 
  31    |   2.529274   | 74.839398  | 2.648890 | 45.39  | 52.04 
  32    |   2.534902   | 74.780668  | 2.656707 | 45.39  | 52.49 
  33    |   2.541555   | 74.722768  | 2.666394 | 45.31  | 52.25 
  34    |   2.544238   | 74.686043  | 2.675229 | 45.31  | 52.81 
  35    |   2.551958   | 74.629502  | 2.679936 | 45.23  | 53.17 
  36    |   2.556196   | 74.590588  | 2.694530 | 45.31  | 52.86 
  37    |   2.561314   | 74.553523  | 2.710077 | 45.31  | 52.68 
  38    |   2.563247   | 74.517175  | 2.715874 | 45.23  | 52.11 
  39    |   2.565908   | 74.492604  | 2.724637 | 45.23  | 52.54 
  40    |   2.569762   | 74.460332  | 2.717973 | 45.23  | 52.98 
  41    |   2.572419   | 74.439082  | 2.734527 | 45.23  | 51.64 
  42    |   2.574092   | 74.404961  | 2.736460 | 45.23  | 52.04 
  43    |   2.575227   | 74.373332  | 2.734282 | 45.23  | 51.73 
  44    |   2.576312   | 74.346118  | 2.741103 | 45.23  | 52.57 
  45    |   2.574913   | 74.327888  | 2.745489 | 45.23  | 52.71 
  46    |   2.571331   | 74.309053  | 2.742522 | 45.23  | 52.36 
  47    |   2.565502   | 74.284331  | 2.757762 | 45.16  | 51.96 
  48    |   2.549333   | 74.281840  | 2.755768 | 45.08  | 51.32 
  49    |   2.511926   | 74.378427  | 2.772215 | 45.08  | 52.07 
  50    |   2.473658   | 74.477053  | 2.784732 | 45.23  | 53.50 


Training complete! Best accuracy: 45.55%.

training time taken:  44.12219217093334

test loss:  3.044724225997925
test_acc:  47.17261904761905