 Epoch  |  Train Loss  | Train Acc  | Val Loss | Val Acc | Elapsed
--------------------------------------------------------------------------------
   1    |   9.617900   | 12.011155  | 7.634293 | 21.15  | 67.47 
   2    |   7.863696   | 19.446490  | 6.785726 | 29.81  | 67.09 
   3    |   7.111475   | 26.133362  | 6.223035 | 36.54  | 66.73 
   4    |   6.648754   | 30.799083  | 5.793836 | 41.35  | 67.91 
   5    |   6.339591   | 34.205952  | 5.538150 | 42.31  | 67.30 
   6    |   6.114581   | 36.906260  | 5.396571 | 43.27  | 66.95 
   7    |   5.941995   | 39.180565  | 5.274637 | 43.27  | 68.26 
   8    |   5.796360   | 40.840858  | 5.194319 | 45.19  | 67.34 
   9    |   5.676739   | 42.261472  | 5.112420 | 45.19  | 67.72 
  10    |   5.577651   | 43.439605  | 5.120562 | 46.15  | 67.68 
  11    |   5.500908   | 44.108987  | 5.080782 | 46.15  | 67.67 
  12    |   5.449133   | 44.708882  | 5.095075 | 46.15  | 67.83 
  13    |   5.414469   | 45.120913  | 5.122634 | 46.15  | 67.01 
  14    |   5.390165   | 45.372662  | 5.128598 | 47.12  | 66.64 
  15    |   5.372634   | 45.518926  | 5.164775 | 46.15  | 67.46 
  16    |   5.363818   | 45.636726  | 5.155058 | 46.15  | 66.89 
  17    |   5.365247   | 45.697295  | 5.138142 | 46.15  | 66.82 
  18    |   5.394742   | 45.818688  | 5.242198 | 47.12  | 67.26 
  19    |   5.450750   | 45.795206  | 5.225008 | 47.12  | 67.62 
  20    |   5.534050   | 45.748275  | 5.317689 | 48.08  | 67.56 


Training complete! Best accuracy: 48.08%.

batch_size = 8
dropout = 0.0
hidden_size = 32
lr = 0.0001
max_length = 50
n_epcohs = 20
n_layers = 4
n_splits = 8

input_size:  46332
output_size:  104049

=========================================================================================

 Epoch  |  Train Loss  | Train Acc  | Val Loss | Val Acc | Elapsed
--------------------------------------------------------------------------------
   1    |   6.044504   | 39.004591  | 3.652802 | 46.25  | 13.09 
   2    |   3.637714   | 59.758172  | 3.117372 | 52.50  | 12.95 
   3    |   3.190355   | 62.954866  | 3.247136 | 52.08  | 13.26 
   4    |   3.097017   | 63.014154  | 3.522850 | 50.42  | 13.13 
   5    |   3.020030   | 62.703817  | 3.542941 | 51.25  | 13.04 
   6    |   2.980572   | 62.695145  | 3.468065 | 55.00  | 13.03 
   7    |   2.926913   | 62.994757  | 3.554330 | 53.33  | 12.73 
   8    |   2.826470   | 63.440163  | 3.932808 | 53.33  | 13.06 
   9    |   2.742568   | 63.735462  | 4.061507 | 52.50  | 13.04 
  10    |   2.635356   | 64.642559  | 3.624754 | 54.17  | 12.94 
  11    |   2.552841   | 65.033947  | 3.171433 | 52.50  | 12.93 
  12    |   2.475214   | 65.624768  | 3.644714 | 51.67  | 12.97 
  13    |   2.391760   | 66.151868  | 3.488067 | 55.42  | 13.05 
  14    |   2.329351   | 66.978899  | 3.518302 | 54.17  | 13.00 
  15    |   2.273245   | 67.363981  | 3.452144 | 52.50  | 12.88 
  16    |   2.224594   | 67.744750  | 3.689554 | 53.33  | 12.60 
  17    |   2.162065   | 68.170161  | 3.652301 | 52.92  | 13.00 
  18    |   2.166684   | 68.084185  | 3.930809 | 50.00  | 13.06 
  19    |   2.133199   | 68.642966  | 3.859914 | 52.50  | 12.93 
  20    |   2.123720   | 68.457195  | 3.931179 | 52.50  | 13.13 


Training complete! Best accuracy: 55.42%.

batch_size = 16
dropout = 0.0
hidden_size = 64
lr = 0.003
max_length = 25
n_epcohs = 20
n_layers = 4
n_splits = 8

input_size:  24088
output_size:  43711

4.329987438216661


=========================================================================================

batch_size = 32
dropout = 0.0
hidden_size = 128
lr = 0.003
max_length = 25
n_epcohs = 50
n_layers = 4
n_splits = 8

input_size:  24088
output_size:  43711

