batch_size = 128
dropout = 0.0
hidden_size = 128
lang = ('en', 'ko')
lr = 0.0003
max_length = 20
n_epochs = 50
n_layers = 4
n_splits = 8
research_num = '02'
research_subject = 'local_tiny1'
test_fn = 'corpus.shuf.test.tok.bpe'
train_fn = 'corpus.shuf.train.tok.bpe'
valid_fn = 'corpus.shuf.valid.tok.bpe'

input_size:  9063
output_size:  13062

 Epoch  |  Train Loss  | Train Acc  | Val Loss | Val Acc | Elapsed
--------------------------------------------------------------------------------
   1    |   8.865642   |  9.425406  | 7.999086 | 10.49  |  0.56
   2    |   8.227086   | 13.079482  | 7.703774 | 11.87  |  0.52
   3    |   7.801632   | 15.444417  | 7.341928 | 13.65  |  0.52
   4    |   7.405026   | 18.092609  | 7.014476 | 15.81  |  0.52
   5    |   7.042465   | 20.764141  | 6.764320 | 17.45  |  0.54
   6    |   6.716138   | 23.229705  | 6.565693 | 19.31  |  0.52
   7    |   6.422843   | 25.705970  | 6.400219 | 20.13  |  0.52
   8    |   6.160093   | 27.710834  | 6.245293 | 21.50  |  0.52
   9    |   5.916701   | 29.514368  | 6.034202 | 22.40  |  0.53
  10    |   5.684560   | 31.145098  | 5.913240 | 23.18  |  0.53
  11    |   5.461886   | 33.011419  | 5.818531 | 23.81  |  0.53
  12    |   5.253284   | 34.541448  | 5.698015 | 24.40  |  0.54
  13    |   5.050504   | 36.341073  | 5.539303 | 25.04  |  0.52
  14    |   4.856149   | 37.902989  | 5.506996 | 25.63  |  0.54
  15    |   4.667731   | 39.926517  | 5.447920 | 26.04  |  0.54
  16    |   4.487037   | 41.418011  | 5.300535 | 26.67  |  0.55
  17    |   4.313594   | 43.355741  | 5.223670 | 27.34  |  0.54
  18    |   4.146323   | 45.090021  | 5.133456 | 27.98  |  0.54
  19    |   3.984883   | 47.364920  | 5.027385 | 28.35  |  0.53
  20    |   3.825915   | 49.294541  | 4.929003 | 28.98  |  0.54
  21    |   3.677696   | 51.251373  | 4.843113 | 29.35  |  0.53
  22    |   3.536047   | 53.324285  | 4.855236 | 29.69  |  0.53
  23    |   3.394226   | 55.460459  | 4.739193 | 30.43  |  0.53
  24    |   3.259429   | 57.318525  | 4.658748 | 30.88  |  0.52
  25    |   3.123914   | 59.537978  | 4.602340 | 31.03  |  0.53
  26    |   2.995305   | 61.408646  | 4.569267 | 31.29  |  0.53
  27    |   2.870706   | 63.480827  | 4.513546 | 32.03  |  0.53
  28    |   2.748235   | 65.239470  | 4.503329 | 31.88  |  0.52
  29    |   2.633166   | 66.794811  | 4.413713 | 32.33  |  0.54
  30    |   2.519741   | 68.268079  | 4.362720 | 32.96  |  0.52
  31    |   2.399937   | 69.949945  | 4.445611 | 32.59  |  0.53
  32    |   2.297628   | 70.826600  | 4.452343 | 32.55  |  0.52
  33    |   2.188278   | 71.831206  | 4.367093 | 33.26  |  0.53
  34    |   2.078427   | 72.767106  | 4.377839 | 33.26  |  0.53
  35    |   1.973033   | 73.494407  | 4.393564 | 33.67  |  0.51
  36    |   1.866975   | 74.059059  | 4.281421 | 33.78  |  0.53
  37    |   1.770168   | 74.437686  | 4.313289 | 33.97  |  0.51
  38    |   1.679066   | 74.682993  | 4.243839 | 34.45  |  0.53
  39    |   1.585617   | 74.890313  | 4.277893 | 34.56  |  0.52
  40    |   1.497422   | 75.007634  | 4.109362 | 35.16  |  0.52
  41    |   1.406660   | 75.172292  | 4.165834 | 35.57  |  0.53
  42    |   1.322540   | 75.257616  | 4.094501 | 35.68  |  0.53
  43    |   1.241128   | 75.268282  | 4.013740 | 35.90  |  0.52
  44    |   1.163803   | 75.294946  | 4.069326 | 35.90  |  0.53
  45    |   1.091920   | 75.318943  | 4.063708 | 36.16  |  0.52
  46    |   1.016178   | 75.326942  | 4.030382 | 36.16  |  0.53
  47    |   0.945932   | 75.321610  | 3.998904 | 36.27  |  0.52
  48    |   0.872253   | 75.329609  | 3.993902 | 36.31  |  0.53
  49    |   0.808012   | 75.332275  | 3.993144 | 36.42  |  0.52
  50    |   0.745918   | 75.334941  | 4.007992 | 36.38  |  0.53


Training complete! Best accuracy: 36.42%.

training time taken:  0.44036731646666566

test loss:  4.243803024291992
test_acc:  38.69047619047619
