batch_size = 128
dropout = 0.0
hidden_size = 256
lang = ('en', 'ko')
lr = 0.0003
max_length = 20
n_epochs = 50
n_layers = 4
n_splits = 8
research_num = '03'
research_subject = 'local_tiny1'
test_fn = 'corpus.shuf.test.tok.bpe'
train_fn = 'corpus.shuf.train.tok.bpe'
valid_fn = 'corpus.shuf.valid.tok.bpe'

input_size:  9063
output_size:  13062

 Epoch  |  Train Loss  | Train Acc  | Val Loss | Val Acc | Elapsed
--------------------------------------------------------------------------------
   1    |   8.451427   | 11.193728  | 7.636602 | 12.05  |  0.70
   2    |   7.419156   | 16.610393  | 7.109864 | 16.89  |  0.68
   3    |   6.740013   | 22.329417  | 6.697315 | 20.01  |  0.69
   4    |   6.151372   | 27.652612  | 6.380095 | 22.17  |  0.68
   5    |   5.653743   | 32.441800  | 6.078448 | 24.74  |  0.68
   6    |   5.227746   | 37.037620  | 5.891720 | 26.04  |  0.68
   7    |   4.841416   | 41.730270  | 5.653582 | 27.01  |  0.69
   8    |   4.488339   | 46.501268  | 5.429310 | 27.83  |  0.68
   9    |   4.172415   | 51.570024  | 5.279498 | 29.43  |  0.67
  10    |   3.865291   | 56.233929  | 5.131666 | 31.21  |  0.68
  11    |   3.583306   | 61.033198  | 4.920709 | 31.99  |  0.68
  12    |   3.324141   | 65.057718  | 4.865219 | 32.74  |  0.68
  13    |   3.073275   | 68.574859  | 4.709223 | 33.44  |  0.68
  14    |   2.822203   | 71.425295  | 4.654370 | 33.63  |  0.68
  15    |   2.597708   | 73.081812  | 4.747501 | 34.19  |  0.68
  16    |   2.373343   | 74.245049  | 4.615209 | 34.11  |  0.68
  17    |   2.170078   | 74.822996  | 4.397350 | 35.19  |  0.68
  18    |   1.965110   | 75.094967  | 4.301708 | 35.57  |  0.68
  19    |   1.774795   | 75.220287  | 4.194136 | 36.01  |  0.68
  20    |   1.599161   | 75.294946  | 4.298646 | 36.16  |  0.68
  21    |   1.424585   | 75.310944  | 4.176972 | 36.27  |  0.69
  22    |   1.277102   | 75.316277  | 4.092292 | 36.57  |  0.68
  23    |   1.124670   | 75.332275  | 4.056796 | 36.64  |  0.67
  24    |   0.977820   | 75.334941  | 4.023858 | 36.61  |  0.68
  25    |   0.857209   | 75.334941  | 3.927450 | 36.72  |  0.68
  26    |   0.738765   | 75.334941  | 3.975997 | 36.68  |  0.68
  27    |   0.632512   | 75.334941  | 3.922179 | 36.72  |  0.67
  28    |   0.531771   | 75.334941  | 3.898655 | 36.72  |  0.68
  29    |   0.450345   | 75.334941  | 3.882988 | 36.72  |  0.68
  30    |   0.371806   | 75.334941  | 3.851241 | 36.72  |  0.67
  31    |   0.306109   | 75.334941  | 3.742377 | 36.72  |  0.68
  32    |   0.248575   | 75.334941  | 3.763920 | 36.72  |  0.68
  33    |   0.204959   | 75.334941  | 3.769363 | 36.72  |  0.68
  34    |   0.169565   | 75.334941  | 3.873022 | 36.72  |  0.68
  35    |   0.140549   | 75.334941  | 3.781600 | 36.72  |  0.68
  36    |   0.114227   | 75.334941  | 3.769081 | 36.72  |  0.68
  37    |   0.094376   | 75.334941  | 3.819714 | 36.72  |  0.68
  38    |   0.077901   | 75.334941  | 3.824314 | 36.72  |  0.67
  39    |   0.065903   | 75.334941  | 3.738304 | 36.72  |  0.67
  40    |   0.056306   | 75.334941  | 3.714816 | 36.72  |  0.68
  41    |   0.046734   | 75.334941  | 3.738277 | 36.72  |  0.68
  42    |   0.040226   | 75.334941  | 3.800881 | 36.72  |  0.67
  43    |   0.033687   | 75.334941  | 3.827167 | 36.72  |  0.67
  44    |   0.028142   | 75.334941  | 3.793137 | 36.72  |  0.67
  45    |   0.024240   | 75.334941  | 3.763965 | 36.72  |  0.67
  46    |   0.021170   | 75.334941  | 3.703413 | 36.72  |  0.67
  47    |   0.018433   | 75.334941  | 3.745245 | 36.72  |  0.66
  48    |   0.015818   | 75.334941  | 3.777211 | 36.72  |  0.66
  49    |   0.013476   | 75.334941  | 3.714107 | 36.72  |  0.67
  50    |   0.011609   | 75.334941  | 3.726642 | 36.72  |  0.67


Training complete! Best accuracy: 36.72%.

training time taken:  0.5649191254166681

test loss:  4.120442867279053
test_acc:  39.0625
